ch05_rms,ch04_rms,ch05_maxabs,ch04_maxabs,ch05_mav,ch04_mav,ch03_maxabs,ch03_rms,ch06_rms,ch06_mav,ch04_fft-maxpower,ch10_rms,ch09_rms,ch05_fft-maxpower,ch03_mav,ch10_mav,ch06_maxabs,ch11_mav,ch07_mav,ch09_mav,ch11_rms,ch15_rms,ch14_rms,ch13_rms,ch07_rms,ch08_rms,ch14_mav,ch12_rms,ch02_rms,ch10_fft-maxpower,ch09_maxabs,ch15_mav,ch13_mav,ch12_mav,ch08_mav,ch02_maxabs,ch05_thresh2-events,ch11_fft-maxpower,ch09_fft-maxpower,ch03_fft-maxpower,ch10_maxabs,ch04_thresh2-events,ch12_maxabs,ch02_mav,ch11_maxabs,ch15_maxabs,ch13_fft-maxpower,ch13_maxabs,ch14_maxabs,ch07_fft-maxpower,ch01_maxabs,ch06_thresh2-events,ch01_rms,ch08_maxabs,ch07_maxabs,ch00_rms,ch06_fft-maxpower,ch08_fft-maxpower,ch12_fft-maxpower,ch14_fft-maxpower,ch00_mav,ch15_fft-maxpower,ch00_maxabs,ch01_mav,ch02_fft-maxpower,ch00_fft-maxpower,ch01_fft-maxpower,ch03_thresh2-events,ch04_thresh3-events,ch07_thresh2-events,ch06_fft-highfreq,ch05_thresh3-events,ch05_fft-highfreq,ch14_thresh2-events,ch02_thresh2-events,ch13_thresh2-events,ch04_fft-highfreq,ch07_fft-highfreq,ch12_thresh2-events,ch10_thresh2-events
1.0,0.787747491948065,0.9546148388522268,0.7366637975137668,0.9865352203420384,0.7962177230192998,0.5512630951364837,0.5997300904902285,0.8164659406077871,0.802945250012931,0.7415096451608847,0.14924409475659198,0.20794352301508578,0.9256756722493168,0.6158592038808353,0.16012263766832768,0.7792414113455836,0.1667537753766525,0.5887424284282399,0.22191301470131505,0.15776146652677536,0.32196517493277726,0.29788534057582533,0.2804131085345563,0.5945564459230528,0.3640749108724964,0.3103121151931538,0.21580477139801219,0.4415104469727576,0.13187036544611178,0.18239187061469891,0.336020425759784,0.2897010328324749,0.2249713327271914,0.3722904966916605,0.39066064168740106,0.7237381508832275,0.13793905348112367,0.18351471893500118,0.5616535953937176,0.1320574684493399,0.6644415238953928,0.1980409282269704,0.4675391177634614,0.14305262166458432,0.2769017348906057,0.25053985251494043,0.2587971214509311,0.26509128728045095,0.5529165103834748,0.30255495211660616,0.6374266127582753,0.3437703664482627,0.32983689130980937,0.5583981759584936,0.33083257647462394,0.7565658949846811,0.3349825111790817,0.19044514918724242,0.2701399933175267,0.35398541335943084,0.2964227982295961,0.2940677336328538,0.37246116733488777,0.40466707472664437,0.29533924322874955,0.30717755403517055,0.545027780129951,0.6896412539437443,0.5198305381600875,-0.0786721953488702,0.783330570269582,-0.08923317372548978,0.2935850388438872,0.44400620962586307,0.2676153252092884,-0.0783805168687275,-0.06755694120828505,0.20974170737357645,0.131791997268053
0.787747491948065,1.0,0.7609579476664079,0.958153148820145,0.7821633481434535,0.9859324098963959,0.7251477335852854,0.7682077159945808,0.6250697693973711,0.617357747706672,0.9239167949818606,0.11892327604452028,0.16220899675127862,0.7285357305556738,0.7712644891052567,0.12695093971238192,0.6008567809664526,0.1383059599672613,0.45552518079277654,0.17288298088513834,0.13253172913595063,0.2834172205084342,0.2465692508220033,0.23330208437669,0.45916321838466323,0.28471705543325254,0.2544067501766873,0.18972757720762298,0.5418595236649097,0.10697790205620201,0.14061803002270212,0.2928411018465678,0.23802745113027599,0.1949023234202454,0.2908052795039029,0.4964584375230256,0.6462520142920409,0.11582859704172511,0.14718607159884528,0.7130919774771818,0.10548964629372541,0.7324372360429584,0.17697507221959927,0.5595916090105835,0.12234965583971617,0.24919763016398208,0.2062682981262517,0.21921592867505144,0.22435015698186064,0.43239615883775895,0.344009224050578,0.5462804828538931,0.3792909127765697,0.2574138987685609,0.4334346870358937,0.3394693233771374,0.5825531633571466,0.26830677001295206,0.16608926531874058,0.22068029920149698,0.35696773081197025,0.25920474882843264,0.3090924870913385,0.40241112391546735,0.49598574807233203,0.3055716397905181,0.34055360416719643,0.6244676778560934,0.797519634709092,0.4345249310243874,-0.03469758141904109,0.6870504749400359,-0.03318809952495043,0.24215743793599923,0.4977038170734886,0.213076934617198,-0.06715901937375438,-0.033714538832278464,0.17351217998715104,0.10354499316153552
0.9546148388522268,0.7609579476664079,1.0,0.7599039453522461,0.9100231726973551,0.746942291441093,0.5629146136629363,0.578575961330634,0.7627858971680752,0.7290241723553702,0.6977162491380494,0.10942583250936327,0.1649808160769912,0.858616393335819,0.578588912435003,0.11519491080355182,0.7867091816760821,0.12137912301121771,0.5232331946182925,0.1732612713327424,0.11754793710080462,0.27599129084881213,0.2516476679958417,0.23275465766766942,0.5415859413117439,0.31460834639439544,0.2584454497913399,0.17342040310183932,0.41526619588142405,0.09184773105134149,0.15421075220151254,0.2844571044141046,0.23640913254279564,0.17699164621504337,0.31518253212803005,0.3896300806275381,0.6586095155720235,0.09768995802438603,0.14036650527474534,0.528127318269641,0.10371064437082547,0.6075925005594309,0.16749259697887264,0.42921579405704563,0.11383995100725702,0.24485429985038432,0.202340956191441,0.22373353984120004,0.231472647665817,0.4928483189607055,0.29155848687622204,0.5719793212487986,0.3116175692109192,0.3044397678464522,0.5446057919658215,0.2930454201723749,0.6893703451346453,0.2830179030238027,0.1476143869456342,0.22339008683721442,0.3080784905472627,0.24993412196337542,0.2752674521253126,0.3305185864660144,0.37058839687251194,0.2546797952621582,0.26979559480038207,0.49800842387395794,0.6426920882657933,0.4578016103638229,-0.04765519020029435,0.7260151115110287,-0.04721636370345954,0.2424460497328308,0.39983949171581856,0.21599773823111681,-0.04912732542535941,-0.04491057177409798,0.16284251490657642,0.09219915325126335
0.7366637975137668,0.958153148820145,0.7599039453522461,1.0,0.710707800706459,0.9130941747309577,0.7375823624151365,0.7325239770752999,0.5707358999939729,0.5497415725855916,0.8610988721983887,0.08477773217877788,0.12547560426606105,0.6644085695095066,0.7154616310785997,0.08865240582656755,0.5811963199224753,0.09934506098473564,0.3959493126030458,0.13147197809861055,0.09776815543728365,0.24307465263940528,0.20547042310722927,0.19125365615009862,0.4082570429830721,0.24092313693769302,0.20818952524533896,0.1507114239099923,0.5071220556843636,0.07261316132078713,0.11488340511652068,0.24718802310304386,0.19087396948446433,0.1510692779670616,0.24109565123207355,0.4920997622531324,0.5775156415213422,0.08136220417176529,0.11034385779139308,0.6635281811670539,0.07992542071835224,0.6593028114228627,0.14721992368309608,0.5116155416484162,0.09574884439195845,0.22117068401334575,0.16365721581059833,0.1875511970157906,0.1941766137019401,0.37713016802782284,0.3317715191058312,0.4806736735087703,0.34502946365347426,0.23069416772283596,0.40760565264144555,0.30248829051871934,0.5204975483623002,0.2226924501612525,0.1269788771169437,0.17906525004982382,0.3119176341221395,0.21772819315045727,0.2905953259966136,0.35827792288660176,0.45297452385740655,0.2652151274293354,0.30132757752938305,0.5632670987499359,0.7318379244275971,0.37454576594896855,-0.018469682290375905,0.6239784053538271,-0.010240049560489718,0.19732223006577523,0.4448187802653712,0.16770133959198613,-0.033997488030899546,-0.022147874447562273,0.13217150857374274,0.06863063458296705
0.9865352203420384,0.7821633481434535,0.9100231726973551,0.710707800706459,1.0,0.8088653967844205,0.5419493760500383,0.6052147616343668,0.8276767130471704,0.8323052950401285,0.744229339960485,0.17912157338752926,0.24008551204311546,0.9260656101374569,0.6339019902683795,0.1944279260521137,0.7654599948046636,0.20110118563910892,0.6275041260087412,0.2586103086973419,0.18776484746370592,0.35301441964620944,0.3269976063170488,0.30965783889888737,0.6223673848076983,0.3980090284334765,0.34410605507671504,0.24503104786229035,0.45456521765809815,0.16143891441430694,0.20647997109616698,0.37177892273815877,0.32376367461915384,0.25892990362604706,0.41237429803524256,0.3916742520402488,0.762988197968257,0.1675746549340454,0.21466636139815307,0.5727727453141278,0.1546005998029991,0.6975400394508136,0.2194129509097227,0.4899396570598944,0.16600161577170286,0.29901557426849074,0.2797989006421215,0.2795887363301711,0.2859404065063584,0.5837791806979896,0.3094597780379214,0.6789008555146174,0.36121008216733125,0.3519923970083967,0.5682493390544012,0.35329019760079233,0.7752385042440012,0.36864500261166855,0.2197081350796733,0.29896180328212874,0.3832714615704145,0.32726839026483434,0.3063485483022819,0.39762943898466346,0.4212164102796367,0.3188648819098569,0.3274398721010947,0.576830151848274,0.7105335224312312,0.5608446525534476,-0.07677250972479473,0.8089505156487656,-0.08954696388325466,0.3271696243899327,0.4756362516980029,0.302055451064179,-0.07602319617386262,-0.06486480119754368,0.24308825697296363,0.16355983717376343
0.7962177230192998,0.9859324098963959,0.746942291441093,0.9130941747309577,0.8088653967844205,1.0,0.7084908855770676,0.7730200544565236,0.648021731882945,0.6528826534703152,0.92507250870766,0.1478864170695958,0.19260066625781583,0.7454797236190194,0.7936129524278448,0.15978389596146508,0.6060085292317172,0.171358722394804,0.49488198440143605,0.20735267912023783,0.1617217221470139,0.3131531701654837,0.27522372243706167,0.26227574139304344,0.49021910046697714,0.31749375232125454,0.28777676949552927,0.21948783075747744,0.5556318737664089,0.13563037849457843,0.16407240550381882,0.3274197462436678,0.27178946318898145,0.22910940472579067,0.3287809999785447,0.4951724502155245,0.6879716586662861,0.14464001228106974,0.17669296522944142,0.7261366386455151,0.12816755682597736,0.7747951555471202,0.1995594825036372,0.5850237970130615,0.14549899981416467,0.2700005768088127,0.23582248986031032,0.24002000245530122,0.24471368246059158,0.4652738559940168,0.3506659545218167,0.5890002820901492,0.3978318743084703,0.28043169874319046,0.4505818766042012,0.36254181982401457,0.6100126063223957,0.3006643640717314,0.19591330381563654,0.24967483196545054,0.3874629503029279,0.2894192437933967,0.3212946434501798,0.4296630256240658,0.5142865911018726,0.3298625220904449,0.36196085448975596,0.6622620055026849,0.8259274646935678,0.47554239500583106,-0.0329808030707541,0.7187377295313365,-0.03247089925915601,0.2740013733218123,0.5326629974189534,0.24599323867669703,-0.06779696150151658,-0.03146256642166801,0.2052995684817819,0.13239990009084646
0.5512630951364837,0.7251477335852854,0.5629146136629363,0.7375823624151365,0.5419493760500383,0.7084908855770676,1.0,0.955690657361565,0.4712842620792357,0.4596221176800551,0.6576786964352189,0.16205742041482402,0.187574879798206,0.5013221800934166,0.9102286165049653,0.16521160626263975,0.4774623969467451,0.1809487590570996,0.371928179751111,0.19173995518928222,0.180104296848002,0.296928524276769,0.25669118343551656,0.244717275081707,0.37900175754910187,0.2676886894081854,0.2586846860644536,0.2255262672931891,0.7371656393043403,0.14729835457213444,0.17179119154054617,0.30040376038678757,0.2439785794233714,0.22514101940708847,0.2676265894016876,0.7445364679399991,0.4853793452476271,0.1600969411074435,0.17365426608830703,0.856644738763209,0.14996250027524938,0.5789134947588921,0.21708886488276377,0.7217513754659922,0.17121138144031686,0.26620572365997425,0.21924828519685755,0.2343426481057581,0.24089130056720717,0.35390898448984437,0.5142863237755381,0.42893395540744356,0.5227721601943988,0.25396531414236134,0.3750188580367707,0.42212371125677906,0.43340249890643234,0.25237598282066126,0.19992229517813329,0.2307017242747695,0.42628681491280324,0.2720993464628,0.4106136725751105,0.5240500078193636,0.6574187346083937,0.37781474434453627,0.4638247405583523,0.6543011580939222,0.6160108139161931,0.36028777280851754,-0.01323211073619296,0.5005514347495805,-0.013179264456095437,0.24001179041856274,0.5699043668061292,0.21173714101104976,-0.02571621510598563,-0.01781467477883879,0.19800484050849643,0.13876909689387834
0.5997300904902285,0.7682077159945808,0.578575961330634,0.7325239770752999,0.6052147616343668,0.7730200544565236,0.955690657361565,1.0,0.5234287383293601,0.5229084587358561,0.7128203210296138,0.20231640226981,0.22993161796786815,0.5585177988487182,0.9859269769877672,0.2099684816996369,0.501635146457766,0.22686989579723488,0.43046337095579107,0.23898710241356805,0.22161999585903952,0.3454435783984543,0.3042949281098471,0.2926463272982077,0.429421541202752,0.31416379007026823,0.3114622812768531,0.2710029632587828,0.7850037670080441,0.1882898660346305,0.20252813331426556,0.3544927977088237,0.2970927023165716,0.2755163707070895,0.32025908171509604,0.7358576344620552,0.549960385911768,0.2018548954384617,0.2159912132106108,0.918161993851799,0.18075273384597096,0.6468912035120813,0.2512390591086689,0.7913993985686322,0.20340264560448812,0.30004802331592745,0.26747686427764966,0.2701554676943658,0.27592214322714725,0.4080543824617661,0.5270518200158749,0.4921877558668464,0.5704965212651861,0.2831560034640124,0.4028430011734592,0.4711373109429528,0.49118357763437587,0.30059946015097516,0.2455474845266195,0.27841700383007434,0.4860173229549967,0.3213947129297927,0.4330062136932925,0.586584017784131,0.7159454851750661,0.4303361230511065,0.517474288825097,0.7319522467636709,0.6755864358907305,0.4185828237947583,-0.0284135631312691,0.5587361356466275,-0.03024330656092524,0.2888077885708969,0.6385305539477835,0.2603694779759808,-0.047952798297339255,-0.030194323658587194,0.24366183543709305,0.17729628518068
0.8164659406077871,0.6250697693973711,0.7627858971680752,0.5707358999939729,0.8276767130471704,0.648021731882945,0.4712842620792357,0.5234287383293601,1.0,0.987653305780174,0.5918283267524758,0.3116744350275135,0.3977671818016304,0.7640186732243186,0.5487963628286154,0.32655474455486955,0.9482617789238684,0.318646406950843,0.824585474190723,0.4145243798558182,0.3058176515706774,0.42823649171509964,0.4029308998581491,0.3882505187145565,0.8321645356038943,0.5931554480827623,0.42010602879861864,0.3451025869418809,0.4489160631889927,0.2803859043776988,0.3599032501906097,0.44708332595784883,0.4027946584990159,0.3592083594226819,0.6002483273319055,0.39093599152859737,0.6940265128710225,0.2748813077187122,0.35257669383826495,0.4937103132283319,0.2807107065888524,0.6030107454818515,0.31041102562731415,0.48137033519086553,0.2778933877599234,0.36328813895748224,0.35270317245501287,0.3483269276127053,0.3524831525585831,0.7694255677720616,0.3544560309112226,0.7449735312618329,0.40549921716314513,0.5461553079445955,0.78237568704292,0.41721273960671795,0.9229072525808071,0.5398363112007085,0.31214088583460486,0.36926170067585823,0.44677831194608075,0.39712704190738884,0.36719510671304256,0.4400943141859649,0.4122433697237995,0.37454565755393027,0.366060471455887,0.5256921668052058,0.5840582222645447,0.6697510153818808,-0.09038763907338371,0.713038145268855,-0.0750336409266152,0.3905293142154394,0.48070759368366,0.37176877422675675,-0.07093562663396898,-0.07704148744415418,0.32720640465028217,0.2850766120332804
0.802945250012931,0.617357747706672,0.7290241723553702,0.5497415725855916,0.8323052950401285,0.6528826534703152,0.4596221176800551,0.5229084587358561,0.987653305780174,1.0,0.5891396605546646,0.34110010508171873,0.4278131122193524,0.7582438552318351,0.5583056769579104,0.36196241176875077,0.9045193144971339,0.35322164627619534,0.8541915887184588,0.4512740117245573,0.33470284262303535,0.4557145493538441,0.42834276252122955,0.4131908636995815,0.8452340391285483,0.6200708501414866,0.45092866080863203,0.3715653313217376,0.4557366338920689,0.3097948848756557,0.37871591111254566,0.479864440193122,0.4334379498572271,0.3914361341524593,0.6370071612690551,0.38728060398721764,0.7194112858809335,0.30387352542501217,0.38171045598471925,0.49663834399281576,0.30047336509923644,0.6251560288628929,0.3275597707781089,0.49673448770922785,0.29774250816485925,0.3814983841649445,0.3780138785035052,0.3635320747051698,0.36892715920495034,0.7868632122573105,0.35650005039697646,0.778527694045971,0.41773540653160984,0.5556406853654894,0.7697783019147069,0.4345363045342171,0.919835180359244,0.5672024336786775,0.33899937919071105,0.3943349080413817,0.47138021726260276,0.42387316084263427,0.3739162897769885,0.4599993895273357,0.42183341690682785,0.39278394305754594,0.38072058204279413,0.5492397742459267,0.5948771035228205,0.7059372324738256,-0.09013444163066085,0.7252811972696555,-0.07275983857085036,0.4226967059334166,0.5055398778858432,0.40413504086149243,-0.06710373958109667,-0.07552332801954327,0.3603623429699413,0.31874218023183376
0.7415096451608847,0.9239167949818606,0.6977162491380494,0.8610988721983887,0.744229339960485,0.92507250870766,0.6576786964352189,0.7128203210296138,0.5918283267524758,0.5891396605546646,1.0,0.11704686853089516,0.15816101277755745,0.7859797843214744,0.7229279425313748,0.12449834093588008,0.555720247135735,0.1335430895286151,0.4346531103587638,0.16811714909403352,0.12759124626730575,0.2641646061713909,0.23374179109537532,0.2224570756317091,0.43634194410497934,0.2721290837874563,0.2426305192924098,0.17943223549788367,0.5087090176532894,0.12625626197315973,0.13684975321384096,0.2743802268388736,0.22829920338360385,0.18536151074181606,0.2784020979812433,0.45726025852010793,0.6019478912231313,0.13248680202718122,0.17069144832205715,0.760982048202403,0.10383624366883415,0.6781820216773032,0.16603650037343612,0.5287871982560843,0.11710055277008065,0.2293630322150248,0.22271313382388017,0.20712697368743796,0.21024963647608227,0.47008755050366646,0.31910469113452433,0.5131485743201059,0.3584742444199102,0.24287543041477813,0.4045653218026869,0.3188180374171135,0.6307765318098734,0.29749078607415697,0.18149131458845705,0.23675697227682513,0.336680912533537,0.2719717816673605,0.2852274313061025,0.38202875390584673,0.5367968153924118,0.33108523955913716,0.3732902817938384,0.5801430637773246,0.7385873640589078,0.4133949989277275,-0.07928146228514116,0.6434091458921958,-0.08765127928234749,0.2352171649380946,0.4634002245958449,0.20719075267174264,-0.13666635152599976,-0.06821211348265589,0.16977356154790071,0.10373872939466106
0.14924409475659198,0.11892327604452028,0.10942583250936327,0.08477773217877788,0.17912157338752926,0.1478864170695958,0.16205742041482402,0.20231640226981,0.3116744350275135,0.34110010508171873,0.11704686853089516,1.0,0.9179956775351775,0.15115758986856728,0.22995701922860917,0.9878541430648646,0.2519784252262706,0.9157154210511586,0.5653575412125815,0.9118597751100387,0.9219411665118479,0.5228837250435597,0.5317520470864311,0.5933963256000172,0.5477480270115662,0.7791965921152578,0.5467097744455992,0.7508940405229036,0.3659192081742086,0.924804364675555,0.8585161895482056,0.5377547012382232,0.6067414823147701,0.7583280316764942,0.7785445268648712,0.31600383709100177,0.1929468796419291,0.8537973317505033,0.8572355780753514,0.19748976750677638,0.948932817620319,0.16829056383726232,0.6824439273633484,0.390913284477964,0.8708223246268308,0.4363625302633201,0.5746585762814771,0.5132462922493192,0.45496037289904756,0.5353509228454743,0.4266668431967781,0.31591742170188575,0.48285011099452957,0.7076268265702522,0.47430747938646123,0.5261186137446433,0.30967202441313024,0.7404575177933296,0.7084439734381085,0.5193667534854984,0.5476172203796871,0.5146977011876936,0.46414852417606733,0.5061963546570383,0.35145904569496667,0.5032472741292363,0.4643526590240937,0.2643258745567179,0.10667356173214163,0.4555450394580747,-0.0930371279273749,0.13238737995871497,-0.0772640836836466,0.4659036769481566,0.3988110375701288,0.5148897618269486,-0.05394219838037346,-0.11519124828097231,0.6344205059790251,0.8111631826761997
0.20794352301508578,0.16220899675127862,0.1649808160769912,0.12547560426606105,0.24008551204311546,0.19260066625781583,0.187574879798206,0.22993161796786815,0.3977671818016304,0.4278131122193524,0.15816101277755745,0.9179956775351775,1.0,0.2054622064295878,0.2596048904990873,0.9181413066679095,0.3355335234318485,0.8286766726381094,0.6763639277036045,0.9881108302038579,0.8253546712834938,0.5262186466218935,0.5287850544258166,0.5664768103287853,0.6612859600955894,0.9031483986968469,0.5458409445628923,0.6887907380150583,0.3781836629801025,0.8528403979072016,0.9455864207288684,0.5432226324007887,0.5825705916474898,0.7003242375447326,0.8962421545056611,0.3270596144547724,0.25699507573317154,0.7680706667998046,0.9226493808222255,0.22304976835469456,0.8606867676687959,0.21895206478276955,0.6214456555176453,0.4050110502509873,0.7694117723169085,0.4398957450656972,0.5462694002894023,0.4887915496822478,0.4528867244638968,0.6370896566193123,0.4290764248552805,0.394690540765599,0.48506113759581754,0.8355450642117888,0.5880744191156058,0.5275858598410119,0.38704680640612055,0.8481945212970093,0.6513554134521499,0.5130386278631834,0.5506081179705177,0.5137722358792284,0.46708699791061237,0.5103012504344531,0.3616753059421383,0.4999581360576329,0.4645509606767477,0.30146953911051605,0.1553007737430064,0.5505639743841055,-0.08899666179214216,0.19696115567960085,-0.07317105998070404,0.4767518844745682,0.418358655155043,0.5059631217731654,-0.0513235142677763,-0.1059428973346151,0.5908200671343526,0.7777373192196884
0.9256756722493168,0.7285357305556738,0.858616393335819,0.6644085695095066,0.9260656101374569,0.7454797236190194,0.5013221800934166,0.5585177988487182,0.7640186732243186,0.7582438552318351,0.7859797843214744,0.15115758986856728,0.2054622064295878,1.0,0.5787287256111986,0.16136236506252158,0.710700829471261,0.16533297203137642,0.5572418970957154,0.21844319152674818,0.15626884053717396,0.3057629863872889,0.2851643745187294,0.2691335665036628,0.5600019022247968,0.3495144796670321,0.29805966103644776,0.20683696448750513,0.4180535123056293,0.15985043984600317,0.17928254361360402,0.319876524296655,0.2791895660666485,0.21666040410656218,0.3575086696903788,0.36263647268147,0.6682936751981053,0.16220667426882504,0.2154566524855921,0.5955290584536884,0.13314138897292055,0.6161924512370952,0.1874394711441113,0.44504533743573405,0.14025063430626203,0.2603497258146041,0.2704321412896615,0.2456680267239717,0.2511189170795744,0.5993565247416747,0.28481677364117447,0.5929354144076244,0.3294821875000501,0.31289448603259595,0.5158567451931193,0.31693066370118156,0.8178839887407756,0.3739211872558626,0.21066659223886228,0.28945405718581074,0.3397361447001777,0.3144349416149657,0.27699954926775633,0.35787277339838314,0.4401500704752839,0.3251969123508918,0.34082802234616205,0.5070852395474427,0.6405508166828651,0.4914061975382456,-0.1372877035095322,0.7245818453289518,-0.16109633810328905,0.284978922740071,0.41552909325237236,0.25892097079214915,-0.13173266461451755,-0.1132911542156949,0.20494720796919622,0.1336243565480502
0.6158592038808353,0.7712644891052567,0.578588912435003,0.7154616310785997,0.6339019902683795,0.7936129524278448,0.9102286165049653,0.9859269769877672,0.5487963628286154,0.5583056769579104,0.7229279425313748,0.22995701922860917,0.2596048904990873,0.5787287256111986,1.0,0.2418679333623065,0.5122718670020305,0.25899865709498315,0.46855520100959014,0.2731008160697097,0.24957402965295208,0.37563163795169047,0.3330805857828523,0.3205264995526267,0.4600898273481381,0.3464262750904056,0.34512724762307306,0.2993227531607658,0.7874983098989574,0.21566739252871117,0.22496339969845486,0.38975482293078423,0.3300534777106815,0.30846600843367816,0.35776660868309257,0.715228382601423,0.5880418706596938,0.22932431091546157,0.24433293982983745,0.9183525270288156,0.20187932822516108,0.6835157746302487,0.27169139316613683,0.8122809595577091,0.2249348825862853,0.3208016110939337,0.29539335814945317,0.28921864516698564,0.29589000802134946,0.43936012528729845,0.5229733529850411,0.532881834108653,0.5828469001098108,0.3055961217866681,0.4209639998702904,0.49164873730763653,0.518615454306066,0.33192204296304295,0.2733746081776715,0.30682838393783907,0.516044387917766,0.35108008301669513,0.4396024455052707,0.6114870859493792,0.725506663681476,0.4521942839949182,0.533856204655196,0.7731201108795568,0.7014346353367908,0.4571810099186491,-0.02630267716566462,0.5888822936411213,-0.027848982480234093,0.32071217647969547,0.6745182373950578,0.29280944063141046,-0.045139857613812145,-0.02817783101326989,0.2741246186309191,0.20546477169053223
0.16012263766832768,0.12695093971238192,0.11519491080355182,0.08865240582656755,0.1944279260521137,0.15978389596146508,0.16521160626263975,0.2099684816996369,0.32655474455486955,0.36196241176875077,0.12449834093588008,0.9878541430648646,0.9181413066679095,0.16136236506252158,0.2418679333623065,1.0,0.2592628559340525,0.9304081246637758,0.5905641698889355,0.9308218039397929,0.9176223686921321,0.5395745083135184,0.5441457960478325,0.6004916468229474,0.5644747746763636,0.7907155055727302,0.5665767325768644,0.7539758251953848,0.371472967719774,0.9206030384065574,0.8326096069109045,0.560865044653488,0.6234649145252049,0.7745106170180758,0.803096301110878,0.3158742939879631,0.2129411575367564,0.8556040465654604,0.860369106160046,0.2046679287123045,0.9040049336178787,0.185901908221173,0.6689688236752055,0.4018507780082341,0.8413850618750809,0.44538365093066856,0.5836003429061418,0.5083332490557566,0.4585172243589789,0.550632480273967,0.42376594099485176,0.3391431892223228,0.48705421227039025,0.7002826867812962,0.4790280109347744,0.5327590779371507,0.32302018536105775,0.7522740321087338,0.715133954409086,0.5320680440555325,0.5610937248018703,0.5308638621263402,0.46320484055485633,0.516884012532524,0.3574413077093442,0.5106835770381927,0.47019450659615963,0.28280525473284696,0.11842814331875036,0.48039927151812184,-0.08629164379475295,0.1472343597977038,-0.070533031696805,0.4902565770948387,0.41659824748150986,0.5395695474734221,-0.04723736565499923,-0.1086465659299665,0.6595176889691294,0.8372741863856832
0.7792414113455836,0.6008567809664526,0.7867091816760821,0.5811963199224753,0.7654599948046636,0.6060085292317172,0.4774623969467451,0.501635146457766,0.9482617789238684,0.9045193144971339,0.555720247135735,0.2519784252262706,0.3355335234318485,0.710700829471261,0.5122718670020305,0.2592628559340525,1.0,0.2530733473994614,0.741908122661723,0.34326599120062234,0.2476152921614616,0.369499392042963,0.34594854249357476,0.3296701763677436,0.7711930166909604,0.5278319597816453,0.3559605013203428,0.2877230683877918,0.41921546363251466,0.22055120711190124,0.322879073662059,0.38147612572478323,0.33703031001284517,0.2944335749951595,0.5217002135641702,0.38605488866652715,0.6343893140995727,0.2163968879107509,0.2902324988058468,0.46212394264976864,0.239750498241181,0.551728586381492,0.27079281239791153,0.43902466289178443,0.23728288435029923,0.32253776126414285,0.29273647497105737,0.3074656129994889,0.31271324641155407,0.6970006966340893,0.3393545274454015,0.672762302424969,0.36715601354273886,0.524296877394134,0.7943811266493668,0.3701294043832245,0.8524199447963778,0.4703039508540392,0.253824834627548,0.3117399326116896,0.3896611100343537,0.33825101407243674,0.3428320256494779,0.3903088662014451,0.3756230873469717,0.3252768223265392,0.32287541857171476,0.47885330172166063,0.5449581051712851,0.596967333976093,-0.040224072788619857,0.6651829233486646,-0.036254970285662755,0.32804336963743347,0.4322920476273643,0.3099724644204843,-0.04427096340949609,-0.03690667676787198,0.2660952641759211,0.22609722267864268
0.1667537753766525,0.1383059599672613,0.12137912301121771,0.09934506098473564,0.20110118563910892,0.171358722394804,0.1809487590570996,0.22686989579723488,0.318646406950843,0.35322164627619534,0.1335430895286151,0.9157154210511586,0.8286766726381094,0.16533297203137642,0.25899865709498315,0.9304081246637758,0.2530733473994614,1.0,0.5549050952021765,0.8437106659416671,0.9882906963034358,0.5928861685849226,0.6067980357410204,0.6834220949865939,0.528933143459552,0.7215910083867375,0.6291148446648228,0.8589686088171695,0.3882716857171166,0.8576145800168572,0.7457430582814131,0.6140957090242849,0.7054929032677724,0.8785636993386996,0.7356270606451483,0.33077043987059573,0.22316831056034178,0.9224658483307364,0.7803487391564388,0.2188080568014669,0.8340394592731559,0.1981509739153161,0.7686134550593635,0.41912858948474147,0.9064303025918882,0.4919029157238482,0.6578099047585723,0.5872156421423506,0.5146782321787484,0.5164459350184651,0.4376741535577711,0.34196068516770806,0.5048012129546587,0.6336260012787713,0.4463081107454069,0.5586044593073352,0.3140909085999744,0.6893813291971652,0.8101975330398272,0.588532977952048,0.5890786442100763,0.5778347234440723,0.4845192364255524,0.5369130746855172,0.37074428923076463,0.5329388453121647,0.4847428873389889,0.3003856134155002,0.1297222096588869,0.4590253439044977,-0.07949531350492768,0.15435772514205973,-0.06482375219890572,0.5386865228985991,0.4368751745773445,0.6033680226594756,-0.043831368504351785,-0.10429185286436114,0.7378604769660216,0.7905244102836716
0.5887424284282399,0.45552518079277654,0.5232331946182925,0.3959493126030458,0.6275041260087412,0.49488198440143605,0.371928179751111,0.43046337095579107,0.824585474190723,0.8541915887184588,0.4346531103587638,0.5653575412125815,0.6763639277036045,0.5572418970957154,0.46855520100959014,0.5905641698889355,0.741908122661723,0.5549050952021765,1.0,0.7019560124998004,0.5322076298450265,0.5370691565299479,0.5130996102952515,0.5062437022119106,0.9885751708095316,0.859614164988498,0.5394192486981789,0.5202467849492285,0.45395045257068106,0.5199360825493897,0.6088514054892531,0.5641258067826607,0.5311586313101923,0.5444841883280874,0.8757338961841021,0.38571785415704424,0.6051348114075435,0.491070885775434,0.6109259221259101,0.40734651933770805,0.5055103529985161,0.5156172279672095,0.4562899080982286,0.49569479056008225,0.475698441937891,0.4467653628387251,0.4714315019322923,0.43617994701031604,0.43763826728111543,0.9140762009827786,0.40695741496838006,0.7317795326224998,0.4731154005306359,0.7771887963491794,0.8993606985426694,0.5116611515090789,0.7682458295320973,0.7869055679150803,0.482203757715858,0.47956569942924665,0.5502558041632407,0.5055450710187818,0.44253118561436344,0.5158687622773689,0.4213462648156858,0.46752304687249463,0.4371719585039605,0.49994450481901276,0.45669499397007407,0.7899639259068395,-0.06559523705370311,0.5687512574840438,-0.054372116332024836,0.4962362957156498,0.5205501351786436,0.4890435823744214,-0.04450703321846194,-0.07420926431270025,0.48474366175911127,0.5234083992419949
0.22191301470131505,0.17288298088513834,0.1732612713327424,0.13147197809861055,0.2586103086973419,0.20735267912023783,0.19173995518928222,0.23898710241356805,0.4145243798558182,0.4512740117245573,0.16811714909403352,0.9118597751100387,0.9881108302038579,0.21844319152674818,0.2731008160697097,0.9308218039397929,0.34326599120062234,0.8437106659416671,0.7019560124998004,1.0,0.8258343405965287,0.5440653092464496,0.5424517753371972,0.5756545145797034,0.6762293064264823,0.9071899098259153,0.5663236567963454,0.6941823369191907,0.3848786913876051,0.8512990063447832,0.9011728399865586,0.5671158143877305,0.600034292200907,0.7165988926178142,0.9175719623395363,0.32762082448979435,0.27878637827661185,0.7723250513754258,0.9158554626490081,0.23119331765233583,0.8296650180163043,0.23836952474047876,0.6131174630659914,0.4172667420321617,0.751183721128678,0.4504620666405655,0.5565111444562494,0.4872988088546269,0.4584124223074015,0.6502984604738049,0.4265758468189915,0.4198470369599385,0.4899132816085743,0.8137524067157352,0.5871343382613688,0.5353908713176068,0.4019890494479925,0.8532168345100553,0.6589320597731004,0.526220150898208,0.5653159228169959,0.5302877482098861,0.466948085186218,0.5218458653168543,0.3681141510092716,0.5078928402507402,0.47023106117237146,0.32104125282278184,0.16938176249085402,0.5769034854109746,-0.08373789667101576,0.2141178976365435,-0.06741573446974623,0.500697062718766,0.4373300416053171,0.5299985434044678,-0.04513425404963712,-0.10109240278719966,0.6150880549675888,0.8006029960811332
0.15776146652677536,0.13253172913595063,0.11754793710080462,0.09776815543728365,0.18776484746370592,0.1617217221470139,0.180104296848002,0.22161999585903952,0.3058176515706774,0.33470284262303535,0.12759124626730575,0.9219411665118479,0.8253546712834938,0.15626884053717396,0.24957402965295208,0.9176223686921321,0.2476152921614616,0.9882906963034358,0.5322076298450265,0.8258343405965287,1.0,0.5787681870407964,0.5969897807243639,0.6787383235063622,0.5137740520504835,0.7102124918502191,0.6104623625180541,0.8615403298770755,0.38391843106583023,0.8572714044785279,0.7616976601946504,0.5925794319668108,0.6891408468080129,0.8643794617065207,0.7136018073445243,0.3320835776923639,0.2062610572106526,0.9249424923143253,0.7743116688256841,0.21347284796113974,0.8653557486779665,0.1831771658184122,0.7935985656107042,0.4094062838628757,0.9499140021243077,0.4866304119045076,0.6493565365744165,0.5977574177912093,0.5155647154954568,0.501989287531252,0.4412809327420604,0.3216640997224628,0.5012842392136482,0.6371165841796969,0.4416989415051075,0.553263616553402,0.3018962387394314,0.6773723918122768,0.8067860286158947,0.5767693199973685,0.5766503824223304,0.5628383811908823,0.48696186315674345,0.5268848084490352,0.3654570990520687,0.5262274945706324,0.4790826083362579,0.28463204901563344,0.1203535693563234,0.4370621526357251,-0.08503250142574155,0.14223078087338464,-0.06995046071787776,0.5149975517237922,0.4212995143572873,0.578573144311165,-0.04926990873111963,-0.11020642460308422,0.712406941686465,0.766448540410297
0.32196517493277726,0.2834172205084342,0.27599129084881213,0.24307465263940528,0.35301441964620944,0.3131531701654837,0.296928524276769,0.3454435783984543,0.42823649171509964,0.4557145493538441,0.2641646061713909,0.5228837250435597,0.5262186466218935,0.3057629863872889,0.37563163795169047,0.5395745083135184,0.369499392042963,0.5928861685849226,0.5370691565299479,0.5440653092464496,0.5787681870407964,1.0,0.8812805928106667,0.759140730225883,0.5171764884489114,0.5485841182062452,0.8823700320469838,0.6650306809668171,0.46383463470955133,0.5020675079276096,0.46072787638427004,0.9876244648209084,0.7674007969445208,0.6775680353749399,0.5639351782354496,0.40073269950542395,0.3569128773914839,0.5502502365764101,0.5032005140693366,0.32338793820314427,0.46495814455420453,0.3245139704841407,0.6076842268858778,0.49679944364223866,0.523926231432489,0.9238825645307449,0.7011588899939214,0.6943103734458161,0.8196323287920859,0.49853530353775605,0.499607450097729,0.43195496669407163,0.5673841329477951,0.47630813676912326,0.448283917014487,0.6829999854201111,0.4084021403715855,0.5280795869462405,0.6225289906626396,0.8007348686436581,0.7117564607566916,0.9053863141759311,0.6144483983873391,0.6034331782576026,0.43115665219216465,0.6193365693814051,0.524981492963294,0.4002757169799186,0.26745783166178094,0.47463458762710276,-0.05143443569107897,0.3043406860434381,-0.042605243040713565,0.7620559476810349,0.506515768557388,0.6706482623689564,-0.032959013495167194,-0.06778324439311266,0.5950718907173569,0.480438162801603
0.29788534057582533,0.2465692508220033,0.2516476679958417,0.20547042310722927,0.3269976063170488,0.27522372243706167,0.25669118343551656,0.3042949281098471,0.4029308998581491,0.42834276252122955,0.23374179109537532,0.5317520470864311,0.5287850544258166,0.2851643745187294,0.3330805857828523,0.5441457960478325,0.34594854249357476,0.6067980357410204,0.5130996102952515,0.5424517753371972,0.5969897807243639,0.8812805928106667,1.0,0.8667624280907357,0.49513534712972,0.5382583239198564,0.9875269748739234,0.7240496323027421,0.4286656643965134,0.5057897052047698,0.4683933472913852,0.8801558109522988,0.8661494941619599,0.7300819726473415,0.5505898042806764,0.3700130984979455,0.3193235953711544,0.5624694315549258,0.5016160065079657,0.2873932834634342,0.47843946347816635,0.28326359045467725,0.6716406880449901,0.4579825321690432,0.5447105652590525,0.7856203984685511,0.7913569006298492,0.8071848388295139,0.934823973410738,0.47608386664707697,0.4692668599534069,0.4032842857678824,0.5327045313400544,0.4700989259974648,0.42948980155533173,0.6251982359354293,0.384662225261043,0.5152468224112501,0.6704642356558215,0.9088894583552516,0.6511921652264153,0.8136058452881566,0.5590796589499633,0.5643479921021367,0.3989343457190546,0.5713068104222454,0.4944387908071222,0.35308135492345477,0.22722833796603595,0.45958628742217406,-0.06147244725865488,0.2696758751344747,-0.05983459461678841,0.7940797425570417,0.45958858140493036,0.7310347453956264,-0.049221901084973416,-0.07157321410159118,0.6337729348975292,0.48399993169670097
0.2804131085345563,0.23330208437669,0.23275465766766942,0.19125365615009862,0.30965783889888737,0.26227574139304344,0.244717275081707,0.2926463272982077,0.3882505187145565,0.4131908636995815,0.2224570756317091,0.5933963256000172,0.5664768103287853,0.2691335665036628,0.3205264995526267,0.6004916468229474,0.3296701763677436,0.6834220949865939,0.5062437022119106,0.5756545145797034,0.6787383235063622,0.759140730225883,0.8667624280907357,1.0,0.4890997258269973,0.550130982276476,0.8680594120326661,0.8442497033461039,0.42633808837749365,0.5591072578567708,0.5081217162807584,0.7668516054773734,0.9877841541008675,0.8434320316256109,0.559729003356125,0.36745129958153094,0.300342359901353,0.6342178472991161,0.5362144667191004,0.277355966713912,0.5416815894078105,0.2673629282313184,0.7930329205585247,0.454010476487802,0.6276724750841043,0.6552842562469123,0.911719604791649,0.9398114869834869,0.7827550078659415,0.4708716014820025,0.4710612497667374,0.38814502279272034,0.533851833573145,0.48357473742765583,0.4231183047289073,0.6068770156369879,0.37228123374433136,0.5250103634604716,0.777419351960096,0.8030927059615551,0.6310672446861946,0.7125489947797011,0.538453657954334,0.5625604475570894,0.3974207965398233,0.5586929534196586,0.4963955418491862,0.3373638189245935,0.21389951878714278,0.45291756588659404,-0.07414757159025723,0.2509744069521613,-0.0713294307600553,0.7133411687977741,0.44731734395973766,0.7829195205272329,-0.0638426585320891,-0.08469249907847361,0.7167841222987823,0.5283742163156578
0.5945564459230528,0.45916321838466323,0.5415859413117439,0.4082570429830721,0.6223673848076983,0.49021910046697714,0.37900175754910187,0.429421541202752,0.8321645356038943,0.8452340391285483,0.43634194410497934,0.5477480270115662,0.6612859600955894,0.5600019022247968,0.4600898273481381,0.5644747746763636,0.7711930166909604,0.528933143459552,0.9885751708095316,0.6762293064264823,0.5137740520504835,0.5171764884489114,0.49513534712972,0.4890997258269973,1.0,0.8520006774247182,0.5156470453455154,0.5027985547715041,0.44956313653878766,0.5019784601832117,0.6099875425220715,0.5386889986629045,0.5074544948009364,0.5199687307059644,0.8525703286852897,0.38989599358842447,0.5883842947856931,0.4722948309750101,0.5960717371735749,0.4052332013906068,0.5003298197654773,0.5002423831029177,0.4491657791430065,0.4840456025389874,0.46837178295817306,0.4349143221187365,0.45391478676184344,0.42902899716979853,0.4279647889605503,0.9184256460009489,0.40823311428523235,0.7097582186112537,0.4653179845220553,0.794898215060424,0.9425554647189233,0.5009006268830353,0.7719714168598767,0.7779897860632548,0.4643551945647827,0.4623983280211405,0.532446880000341,0.4872302231041642,0.4413745509579929,0.5009647819404195,0.41676607515445824,0.45671346657644507,0.42863436281666606,0.4814268323771595,0.4497930107892428,0.7631771085756466,-0.06670646060990187,0.5610782579128268,-0.0576273682931589,0.4698538544156077,0.5005611749811532,0.4619223576170111,-0.04834960367330001,-0.07513358794187804,0.4568527079154208,0.49612173404535476
